x <- 1.96**2
y <- 0.5*0.5
z <- 1800
a <- 0.05**2

b <- x*y*z
c <- x*y+z*a
b/c
